image_width: 1280
image_height: 720
camera_name: narrow_stereo
camera_matrix:
  rows: 3
  cols: 3
  data: [1360.83664,    0.     ,  645.5793 ,
            0.     , 1376.37575,  407.88793,
            0.     ,    0.     ,    1.     ]
distortion_model: plumb_bob
distortion_coefficients:
  rows: 1
  cols: 5
  data: [0.697975, -2.044309, 0.022093, -0.002122, 0.000000]
rectification_matrix:
  rows: 3
  cols: 3
  data: [1., 0., 0.,
         0., 1., 0.,
         0., 0., 1.]
projection_matrix:
  rows: 3
  cols: 4
  data: [1443.44568,    0.     ,  643.60476,    0.     ,
            0.     , 1452.01746,  415.82516,    0.     ,
            0.     ,    0.     ,    1.     ,    0.     ]
